[1, 0, 0, 0, 0, 0, 0, 0]
[0, 1, 0, 0, 0, 0, 0, 0]
[0, 0, 1, 0, 0, 0, 0, 0]
[0, 0, 0, 1, 0, 0, 0, 0]
[0, 0, 0, 0, 1, 0, 0, 0]
[0, 0, 0, 0, 0, 1, 0, 0]
[0, 0, 0, 0, 0, 0, 1, 0]
[0, 0, 0, 0, 0, 0, 0, 1]
Number of conflicts: 28
(0, 0) -> (3, 0) | (1, 1) -> (0, 1) | (2, 2) -> (7, 2) | (3, 3) -> (1, 3) | (4, 4) -> (1, 4) | (5, 5) -> (6, 5) | (6, 6) -> (2, 6) | (7, 7) -> (5, 7) | (7, 2) -> (4, 2) | (1, 3) -> (7, 3) |
>>>Solved in 10 steps.
[0, 1, 0, 0, 0, 0, 0, 0]
[0, 0, 0, 0, 1, 0, 0, 0]
[0, 0, 0, 0, 0, 0, 1, 0]
[1, 0, 0, 0, 0, 0, 0, 0]
[0, 0, 1, 0, 0, 0, 0, 0]
[0, 0, 0, 0, 0, 0, 0, 1]
[0, 0, 0, 0, 0, 1, 0, 0]
[0, 0, 0, 1, 0, 0, 0, 0]