=========Solution=========
0. (0): (3, 3, 1), (0, 0, 0) <- None
1. (2): (3, 1, 0), (0, 2, 1) <- (0, 2)
2. (4): (3, 2, 1), (0, 1, 0) <- (0, 1)
3. (7): (3, 0, 0), (0, 3, 1) <- (0, 2)
4. (10): (3, 1, 1), (0, 2, 0) <- (0, 1)
5. (12): (1, 1, 0), (2, 2, 1) <- (2, 0)
6. (14): (2, 2, 1), (1, 1, 0) <- (1, 1)
7. (16): (0, 2, 0), (3, 1, 1) <- (2, 0)
8. (18): (0, 3, 1), (3, 0, 0) <- (0, 1)
9. (20): (0, 1, 0), (3, 2, 1) <- (0, 2)
10. (22): (1, 1, 1), (2, 2, 0) <- (1, 0)
11. (26): (0, 0, 0), (3, 3, 1) <- (1, 1)

The lowest number of steps for the problem solution: 11

